74
81
34
106
45
84
11
13
47
55
4
22
23
83
121
61
39
31
42
58
29
24
93
63
36
50
52
60
57
38
37
10
21
44
382
65
51
62
35
49
41
43
56
8
15
30
48
54
169
40
46
79
53
12
19
82
27
26
118
18
28
33
32
173
67
59
85
16
66
20
64
716
17
171
70
9
80
68
165
168
172
14
167
69
71
1358
25
717
1448
6
166
102
170
86
72
1460
1764
1452
1437
1444
1455
164
1899
1473
7
175
1405
91
1202
177
1472
1388
1494
103
1385
1191
715
1390
1572
1446
1396
1715
2195
1468
1643
1672
1334
1456
1645
1355
1375
1626
1298
2320
1699
1922
1387
1453
1466
1436
1802
1344
1208
1810
444
1451
1579
1635
1464
720
1370
1295
1590
1186
1490
1373
1418
1484
1735
1515
1662
1151
1585
943
1518
1397
1329
1654
1249
1364
1341
1371
1337
1902
1340
1673
1440
1307
1293
1239
1565
1680
1770
1488
719
1605
1271
1378
1498
1296
1671
1347
1386
1506
1198
2068
1581
1767
174
1496
